	"c.1"	"c.2"	"c.3"	"c.ar"	"c.cat"	"n.1"	"n.2"	"n.3"	"n.4"	"n.ar"	"n.am"	"n.pl3"	"o.2"	"o.3"	"o.co2"	"o.ar"	"s.2"	"s.3"	"s.o"	"s.o2"	"s.ar"	"p.3"	"f"	"cl"	"br"	"i"	"se"	"mg"	"sr"	"cu"	"mn"	"hg"	"cd"	"ni"	"zn"	"ca"	"fe"	"co.oh"	"dummy"	"solvent"
"c.1"	0	-3.632	-4.51	-4.136	0	0	1.975	0	1.778	0.9792	3.186	0	-3.008	0	4.435	0	0	1.783	0	0	0	0	4.028	0	0	0	0	0	0	0	0	0	0	0	0	0	0	0	0	4.792
"c.2"	-3.632	-4.969	-0.9761	-1.175	-4.496	4.867	-4.8	0	-2.933	4.689	-0.5053	4.064	-2.814	-4.12	4.975	0	-4.073	-4.915	-4.365	0	0	4.794	-3.011	-4.758	-3.814	0	0	1.836	0	0	0	0	4.074	0	-4.171	0	0	0	0	2.29
"c.3"	-4.51	-0.9761	-0.1452	-2.64	-4.474	-1.973	4.11	0	4.947	0.354	1.813	1.65	-0.6048	0.1548	1.026	0	3.74	-1.919	4.032	0	0	4.688	-2.625	-3.203	-3.36	0	0	4.207	0	0	4.68	0	3.411	-4.418	4.975	3.903	0	2.986	0	0.254
"c.ar"	-4.136	-1.175	-2.64	-4.129	-4.878	4.588	4.138	0	0.9858	0.9263	-3.06	-1.191	-4.133	-0.2692	0.6107	0	0	-4.938	-3.621	0	0	3.402	-4.927	-3.02	-4.632	0	0	3.115	0	0	0	0	0	0	4.916	0	0	0	0	-1.075
"c.cat"	0	-4.496	-4.474	-4.878	0	0	0.678	0	-3.679	1.829	-4.888	-2.384	4.922	4.902	4.931	0	0	-4.958	0	0	0	2.641	-3.715	-2.582	0	0	0	0	0	0	0	0	0	0	0	0	0	0	0	4.785
"n.1"	0	4.867	-1.973	4.588	0	0	4.566	0	1.574	0	-1.943	0	0	-2.091	3.628	0	0	3.754	0	0	0	0	0	0	0	0	0	0	0	0	0	0	0	0	0	0	0	0	0	4.715
"n.2"	1.975	-4.8	4.11	4.138	0.678	4.566	-4.497	0	0	4.699	-4.932	-4.736	4.802	4.775	1.778	0	0	-1.019	0	0	0	4.894	-0.8749	0	0.4778	0	0	0	0	0	0	0	0	0	-3.135	0	0	0	0	1.044
"n.3"	0	0	0	0	0	0	0	0	0	0	0	0	0	0	0	0	0	0	0	0	0	0	0	0	0	0	0	0	0	0	0	0	0	0	0	0	0	0	0	0
"n.4"	1.778	-2.933	4.947	0.9858	-3.679	1.574	0	0	1.452	4.777	4.98	-0.1518	-0.8016	-4.068	-1.858	0	0	0.2715	0.9585	0	0	4.273	4.173	4.184	3.181	0	0	0	0	0	0	0	0	0	-2.83	0	0	0	0	3.98
"n.ar"	0.9792	4.689	0.354	0.9263	1.829	0	4.699	0	4.777	-2.467	-4.16	4.999	0.07269	-3.635	-1.586	0	0	-4.705	0	0	0	0	4.065	-2.004	4.402	0	0	0	0	0	0	0	0	0	0	0	0	0	0	4.38
"n.am"	3.186	-0.5053	1.813	-3.06	-4.888	-1.943	-4.932	0	4.98	-4.16	4.994	0.01855	-2.004	-4.957	-4.974	0	2.47	-2.06	4.93	0	0	-2.26	-0.5869	-1.644	4.659	0	0	0	0	0	0	0	0	0	-4.802	3.76	0	0	0	4.827
"n.pl3"	0	4.064	1.65	-1.191	-2.384	0	-4.736	0	-0.1518	4.999	0.01855	4.927	-4.2	-3.415	-4.995	0	0	-0.7613	2.528	0	0	-4.763	1.493	0	-4.175	0	0	3.557	0	0	0	0	0	0	0	0	0	0	0	0.03937
"o.2"	-3.008	-2.814	-0.6048	-4.133	4.922	0	4.802	0	-0.8016	0.07269	-2.004	-4.2	3.513	1.147	0.7768	0	3.826	2.917	1.109	0	0	4.552	-0.9446	-4.265	0	0	0	0	0	0	0	0	0	0	-4.793	0	0	0	0	-1.234
"o.3"	0	-4.12	0.1548	-0.2692	4.902	-2.091	4.775	0	-4.068	-3.635	-4.957	-3.415	1.147	-0.2937	-4.323	0	-1.844	3.053	-2.043	0	0	3.604	-2.617	-0.3789	4.395	0	0	-3.789	0	0	-1.716	0	0	0	-4.711	-3.981	0	0	0	0.897
"o.co2"	4.435	4.975	1.026	0.6107	4.931	3.628	1.778	0	-1.858	-1.586	-4.974	-4.995	0.7768	-4.323	-1.605	0	2.477	3.197	-4.818	0	0	-4.914	2.567	-3.448	3.143	0	0	-4.495	0	0.7613	0	0	-4.461	0	-2.075	0	0	0	0	0.7643
"o.ar"	0	0	0	0	0	0	0	0	0	0	0	0	0	0	0	0	0	0	0	0	0	0	0	0	0	0	0	0	0	0	0	0	0	0	0	0	0	0	0	0
"s.2"	0	-4.073	3.74	0	0	0	0	0	0	0	2.47	0	3.826	-1.844	2.477	0	0	0	0	0	0	0	0	0	0	0	0	0	0	0	0	0	0	0	0	0	0	0	0	1.907
"s.3"	1.783	-4.915	-1.919	-4.938	-4.958	3.754	-1.019	0	0.2715	-4.705	-2.06	-0.7613	2.917	3.053	3.197	0	0	-4.775	0	0	0	0	-4.114	-3.519	0	-4.298	0	0	0	0	0	0	0	0	-4.33	0	0	0	0	1.672
"s.o"	0	-4.365	4.032	-3.621	0	0	0	0	0.9585	0	4.93	2.528	1.109	-2.043	-4.818	0	0	0	0	0	0	0	0	0	0	0	0	0	0	0	0	0	0	0	0	0	0	0	0	-3.896
"s.o2"	0	0	0	0	0	0	0	0	0	0	0	0	0	0	0	0	0	0	0	0	0	0	0	0	0	0	0	0	0	0	0	0	0	0	0	0	0	0	0	0
"s.ar"	0	0	0	0	0	0	0	0	0	0	0	0	0	0	0	0	0	0	0	0	0	0	0	0	0	0	0	0	0	0	0	0	0	0	0	0	0	0	0	0
"p.3"	0	4.794	4.688	3.402	2.641	0	4.894	0	4.273	0	-2.26	-4.763	4.552	3.604	-4.914	0	0	0	0	0	0	0	0	0	0	0	0	3.823	0	0	0	0	0	0	0	0	0	0	0	4.947
"f"	4.028	-3.011	-2.625	-4.927	-3.715	0	-0.8749	0	4.173	4.065	-0.5869	1.493	-0.9446	-2.617	2.567	0	0	-4.114	0	0	0	0	2.225	3.706	0	0	0	0	0	0	0	0	0	0	0	0	0	0	0	0.3012
"cl"	0	-4.758	-3.203	-3.02	-2.582	0	0	0	4.184	-2.004	-1.644	0	-4.265	-0.3789	-3.448	0	0	-3.519	0	0	0	0	3.706	0	0	0	0	0	0	0	0	0	0	0	0	0	0	0	0	0.09138
"br"	0	-3.814	-3.36	-4.632	0	0	0.4778	0	3.181	4.402	4.659	-4.175	0	4.395	3.143	0	0	0	0	0	0	0	0	0	1.474	0	0	0	0	0	0	0	0	0	0	0	0	0	0	0.3877
"i"	0	0	0	0	0	0	0	0	0	0	0	0	0	0	0	0	0	-4.298	0	0	0	0	0	0	0	0	0	0	0	0	0	0	0	0	0	0	0	0	0	0
"se"	0	0	0	0	0	0	0	0	0	0	0	0	0	0	0	0	0	0	0	0	0	0	0	0	0	0	0	0	0	0	0	0	0	0	0	0	0	0	0	0
"mg"	0	1.836	4.207	3.115	0	0	0	0	0	0	0	3.557	0	-3.789	-4.495	0	0	0	0	0	0	3.823	0	0	0	0	0	0	0	0	0	0	0	0	0	0	0	0	0	0
"sr"	0	0	0	0	0	0	0	0	0	0	0	0	0	0	0	0	0	0	0	0	0	0	0	0	0	0	0	0	0	0	0	0	0	0	0	0	0	0	0	0
"cu"	0	0	0	0	0	0	0	0	0	0	0	0	0	0	0.7613	0	0	0	0	0	0	0	0	0	0	0	0	0	0	0	0	0	0	0	0	0	0	0	0	0
"mn"	0	0	4.68	0	0	0	0	0	0	0	0	0	0	-1.716	0	0	0	0	0	0	0	0	0	0	0	0	0	0	0	0	0	0	0	0	0	0	0	0	0	0
"hg"	0	0	0	0	0	0	0	0	0	0	0	0	0	0	0	0	0	0	0	0	0	0	0	0	0	0	0	0	0	0	0	0	0	0	0	0	0	0	0	0
"cd"	0	4.074	3.411	0	0	0	0	0	0	0	0	0	0	0	-4.461	0	0	0	0	0	0	0	0	0	0	0	0	0	0	0	0	0	0	0	0	0	0	0	0	0
"ni"	0	0	-4.418	0	0	0	0	0	0	0	0	0	0	0	0	0	0	0	0	0	0	0	0	0	0	0	0	0	0	0	0	0	0	0	0	0	0	0	0	0
"zn"	0	-4.171	4.975	4.916	0	0	-3.135	0	-2.83	0	-4.802	0	-4.793	-4.711	-2.075	0	0	-4.33	0	0	0	0	0	0	0	0	0	0	0	0	0	0	0	0	0	0	0	0	0	0
"ca"	0	0	3.903	0	0	0	0	0	0	0	3.76	0	0	-3.981	0	0	0	0	0	0	0	0	0	0	0	0	0	0	0	0	0	0	0	0	0	0	0	0	0	0
"fe"	0	0	0	0	0	0	0	0	0	0	0	0	0	0	0	0	0	0	0	0	0	0	0	0	0	0	0	0	0	0	0	0	0	0	0	0	0	0	0	0
"co.oh"	0	0	2.986	0	0	0	0	0	0	0	0	0	0	0	0	0	0	0	0	0	0	0	0	0	0	0	0	0	0	0	0	0	0	0	0	0	0	0	0	0
"dummy"	0	0	0	0	0	0	0	0	0	0	0	0	0	0	0	0	0	0	0	0	0	0	0	0	0	0	0	0	0	0	0	0	0	0	0	0	0	0	0	0
"solvent"	4.792	2.29	0.254	-1.075	4.785	4.715	1.044	0	3.98	4.38	4.827	0.03937	-1.234	0.897	0.7643	0	1.907	1.672	-3.896	0	0	4.947	0.3012	0.09138	0.3877	0	0	0	0	0	0	0	0	0	0	0	0	0	0	0
